0,-197.0,1.0,64.0,78.0
1,48.0,0.0,61.0,65.0
2,-39.0,0.0,82.0,66.0
3,-1.0,5.0,69.0,89.0
4,142.0,1.0,67.0,75.0
5,-44.0,13.0,57.0,72.0
6,-81.0,29.0,63.0,72.0
7,-19.0,9.0,62.0,78.0
8,45.0,-12.0,54.0,80.0
9,-100.0,-11.0,82.0,65.0
10,89.0,14.0,90.0,81.0
11,-29.0,4.0,77.0,63.0
12,91.0,-4.0,64.0,72.0
13,-106.0,-33.0,55.0,63.0
14,-66.0,-1.0,61.0,68.0
15,72.0,6.0,86.0,77.0
16,23.0,12.0,78.0,97.0
17,-5.0,-3.0,65.0,75.0
18,-20.0,-2.0,58.0,49.0
19,72.0,9.0,58.0,62.0
20,132.0,24.0,47.0,54.0
21,102.0,-8.0,74.0,85.0
22,-88.0,5.0,83.0,74.0
23,-70.0,4.0,67.0,70.0
24,-170.0,13.0,75.0,75.0
25,-24.0,6.0,70.0,52.0
26,-72.0,0.0,62.0,89.0
27,-83.0,22.0,65.0,84.0
28,58.0,9.0,70.0,78.0
29,-97.0,3.0,78.0,70.0
30,98.0,3.0,50.0,55.0
31,61.0,-11.0,61.0,79.0
32,115.0,9.0,77.0,89.0
33,-57.0,0.0,86.0,87.0
34,-287.0,7.0,53.0,58.0
35,-137.0,0.0,87.0,60.0
36,56.0,12.0,66.0,71.0
37,207.0,11.0,59.0,72.0
38,111.0,4.0,75.0,70.0
39,31.0,11.0,66.0,68.0
40,-47.0,7.0,75.0,63.0
41,-78.0,11.0,46.0,66.0
42,-81.0,4.0,52.0,59.0
43,-166.0,11.0,80.0,58.0
44,76.0,17.0,78.0,79.0
45,94.0,5.0,77.0,70.0
46,359.0,4.0,77.0,76.0
47,43.0,-19.0,53.0,85.0
48,57.0,6.0,78.0,67.0
49,154.0,-4.0,76.0,52.0
50,51.0,14.0,76.0,63.0
51,105.0,10.0,87.0,69.0
52,-74.0,-2.0,87.0,77.0
53,-157.0,9.0,69.0,71.0
54,-47.0,13.0,75.0,52.0
55,-91.0,-4.0,53.0,77.0
56,-158.0,-5.0,73.0,77.0
57,-9.0,-8.0,91.0,85.0
58,106.0,0.0,77.0,65.0
59,32.0,-13.0,80.0,87.0
60,33.0,-2.0,70.0,70.0
61,54.0,13.0,69.0,76.0
62,44.0,-17.0,61.0,59.0
63,26.0,11.0,69.0,69.0
64,15.0,-8.0,78.0,51.0
65,217.0,10.0,77.0,76.0
66,-91.0,9.0,59.0,88.0
67,59.0,11.0,61.0,66.0
68,277.0,-5.0,71.0,72.0
69,-125.0,14.0,72.0,86.0
70,125.0,-17.0,68.0,73.0
71,-32.0,-4.0,64.0,62.0
72,-38.0,-4.0,54.0,46.0
73,34.0,5.0,75.0,76.0
74,120.0,13.0,79.0,72.0
75,-10.0,23.0,72.0,75.0
76,-52.0,22.0,71.0,55.0
77,230.0,-3.0,70.0,67.0
78,40.0,6.0,70.0,74.0
79,-77.0,-10.0,73.0,86.0
80,98.0,2.0,58.0,75.0
81,-3.0,0.0,80.0,83.0
82,-79.0,-7.0,76.0,64.0
83,75.0,3.0,50.0,83.0
84,-43.0,2.0,78.0,84.0
85,-30.0,-9.0,67.0,75.0
86,-157.0,14.0,76.0,79.0
87,-2.0,16.0,74.0,77.0
88,68.0,23.0,56.0,91.0
89,-51.0,4.0,41.0,78.0
90,-90.0,8.0,52.0,62.0
91,134.0,14.0,69.0,53.0
92,-29.0,6.0,72.0,82.0
93,-44.0,-1.0,64.0,91.0
94,279.0,11.0,65.0,71.0
95,-66.0,-2.0,75.0,62.0
96,3.0,6.0,69.0,89.0
97,-176.0,-2.0,62.0,80.0
98,-148.0,5.0,54.0,68.0
99,-26.0,-15.0,75.0,71.0
100,-18.0,5.0,78.0,60.0
101,-49.0,5.0,66.0,75.0
102,81.0,2.0,72.0,74.0
103,-7.0,2.0,69.0,73.0
104,3.0,9.0,75.0,70.0
105,-136.0,14.0,67.0,62.0
106,86.0,34.0,72.0,91.0
107,60.0,12.0,73.0,64.0
108,12.0,-18.0,53.0,78.0
109,-24.0,24.0,69.0,74.0
110,-33.0,6.0,72.0,70.0
111,-24.0,0.0,66.0,79.0
112,8.0,1.0,64.0,62.0
113,78.0,3.0,63.0,68.0
114,44.0,26.0,66.0,84.0
115,-127.0,10.0,54.0,69.0
116,16.0,15.0,79.0,82.0
117,-22.0,-3.0,77.0,72.0
118,28.0,-3.0,43.0,39.0
119,55.0,6.0,62.0,55.0
120,31.0,-8.0,65.0,61.0
121,9.0,8.0,44.0,82.0
122,5.0,10.0,70.0,65.0
123,92.0,0.0,84.0,60.0
124,61.0,7.0,60.0,70.0
125,140.0,1.0,63.0,75.0
126,145.0,5.0,60.0,85.0
127,-57.0,7.0,85.0,66.0
128,-2.0,17.0,70.0,66.0
129,265.0,2.0,70.0,65.0
130,-66.0,18.0,79.0,80.0
131,-76.0,1.0,76.0,69.0
132,-61.0,20.0,82.0,60.0
133,-12.0,-20.0,67.0,62.0
134,47.0,10.0,65.0,85.0
135,21.0,28.0,59.0,89.0
136,209.0,5.0,75.0,72.0
137,14.0,-8.0,63.0,54.0
138,-55.0,1.0,76.0,69.0
139,168.0,-5.0,74.0,63.0
140,-49.0,4.0,63.0,66.0
141,-62.0,-1.0,88.0,38.0
142,123.0,6.0,82.0,77.0
143,68.0,0.0,67.0,75.0
144,36.0,21.0,55.0,66.0
145,-9.0,5.0,70.0,69.0
146,-104.0,12.0,87.0,66.0
147,33.0,2.0,55.0,77.0
148,-113.0,12.0,61.0,68.0
149,-15.0,-15.0,67.0,59.0
150,17.0,8.0,57.0,84.0
151,10.0,3.0,64.0,56.0
152,268.0,-5.0,78.0,75.0
153,53.0,-17.0,69.0,73.0
154,-121.0,5.0,67.0,96.0
155,200.0,10.0,56.0,74.0
156,196.0,-6.0,76.0,79.0
157,-52.0,-3.0,93.0,79.0
158,-54.0,11.0,68.0,80.0
159,52.0,9.0,81.0,70.0
160,-41.0,13.0,59.0,63.0
161,-92.0,35.0,64.0,63.0
162,92.0,19.0,63.0,85.0
163,-122.0,6.0,84.0,56.0
164,50.0,-5.0,73.0,70.0
165,23.0,10.0,78.0,69.0
166,-9.0,13.0,62.0,61.0
167,-134.0,15.0,66.0,83.0
168,5.0,-17.0,55.0,76.0
169,-12.0,-1.0,80.0,65.0
170,-111.0,19.0,62.0,61.0
171,-97.0,5.0,88.0,57.0
172,53.0,3.0,55.0,64.0
173,-66.0,1.0,46.0,49.0
174,42.0,22.0,80.0,70.0
175,196.0,-7.0,75.0,73.0
176,201.0,6.0,72.0,55.0
177,-251.0,7.0,62.0,68.0
178,244.0,1.0,54.0,70.0
179,68.0,-20.0,90.0,97.0
180,-118.0,-1.0,87.0,72.0
181,-96.0,0.0,82.0,77.0
182,-28.0,-10.0,61.0,93.0
183,-226.0,8.0,62.0,90.0
184,77.0,1.0,84.0,69.0
185,160.0,0.0,69.0,63.0
186,-67.0,-9.0,76.0,67.0
187,157.0,11.0,74.0,65.0
188,38.0,2.0,56.0,96.0
189,-2.0,22.0,89.0,76.0
190,-71.0,15.0,65.0,57.0
191,61.0,10.0,67.0,75.0
192,27.0,8.0,69.0,105.0
193,89.0,-2.0,72.0,75.0
194,-45.0,13.0,52.0,73.0
195,0.0,2.0,67.0,63.0
196,-5.0,22.0,66.0,48.0
197,-130.0,14.0,60.0,62.0
198,46.0,2.0,59.0,77.0
199,-146.0,15.0,90.0,82.0
200,52.0,-2.0,68.0,96.0
201,19.0,-5.0,67.0,81.0
202,-16.0,0.0,37.0,76.0
203,21.0,9.0,64.0,69.0
204,-57.0,8.0,74.0,84.0
205,-141.0,-1.0,45.0,58.0
206,12.0,19.0,64.0,65.0
207,-18.0,10.0,66.0,67.0
208,16.0,19.0,73.0,96.0
209,-73.0,-10.0,56.0,74.0
210,-309.0,9.0,52.0,60.0
211,-56.0,15.0,82.0,62.0
212,13.0,5.0,67.0,49.0
213,-110.0,-6.0,64.0,85.0
214,-68.0,-12.0,55.0,76.0
215,-23.0,-9.0,61.0,73.0
216,17.0,8.0,75.0,68.0
217,122.0,13.0,73.0,69.0
218,108.0,-14.0,77.0,91.0
219,73.0,6.0,78.0,89.0
220,51.0,9.0,78.0,69.0
221,-162.0,-12.0,65.0,77.0
222,-97.0,3.0,62.0,78.0
223,18.0,6.0,47.0,67.0
224,351.0,-11.0,70.0,67.0
225,-16.0,11.0,74.0,69.0
226,-146.0,1.0,78.0,61.0
227,-117.0,-11.0,64.0,60.0
228,178.0,2.0,72.0,69.0
229,-237.0,-6.0,68.0,53.0
230,-67.0,9.0,57.0,68.0
231,234.0,1.0,81.0,65.0
232,61.0,10.0,70.0,80.0
233,-7.0,13.0,67.0,66.0
234,-48.0,3.0,66.0,86.0
235,-141.0,-3.0,79.0,79.0
236,79.0,10.0,66.0,72.0
237,-206.0,-9.0,66.0,55.0
238,60.0,-10.0,57.0,73.0
239,86.0,24.0,62.0,97.0
240,77.0,-11.0,68.0,61.0
241,17.0,5.0,60.0,62.0
242,7.0,-3.0,53.0,78.0
243,269.0,5.0,63.0,57.0
244,-72.0,14.0,53.0,72.0
245,216.0,3.0,61.0,90.0
246,-15.0,27.0,50.0,99.0
247,-24.0,22.0,65.0,71.0
248,41.0,17.0,66.0,61.0
249,56.0,2.0,70.0,62.0
250,-80.0,12.0,45.0,75.0
251,167.0,-14.0,47.0,77.0
252,118.0,7.0,78.0,84.0
253,90.0,21.0,65.0,54.0
254,225.0,-10.0,70.0,69.0
255,8.0,7.0,52.0,77.0
256,166.0,3.0,49.0,75.0
257,-21.0,-20.0,74.0,62.0
258,32.0,19.0,76.0,69.0
259,8.0,-1.0,67.0,70.0
260,-96.0,-1.0,73.0,71.0
261,-16.0,0.0,64.0,82.0
262,-145.0,7.0,71.0,92.0
263,29.0,6.0,69.0,63.0
264,-123.0,24.0,67.0,74.0
265,-23.0,-35.0,71.0,65.0
266,52.0,1.0,78.0,56.0
267,5.0,-14.0,66.0,76.0
268,125.0,20.0,54.0,66.0
269,-207.0,21.0,60.0,63.0
270,29.0,0.0,51.0,86.0
271,335.0,-2.0,67.0,69.0
272,101.0,4.0,62.0,77.0
273,-40.0,-5.0,55.0,67.0
274,19.0,8.0,80.0,72.0
275,-43.0,-5.0,67.0,92.0
276,-168.0,19.0,55.0,66.0
277,139.0,-19.0,75.0,62.0
278,-11.0,1.0,69.0,66.0
279,167.0,20.0,74.0,66.0
280,117.0,-2.0,61.0,71.0
281,-34.0,12.0,70.0,61.0
282,-6.0,15.0,59.0,76.0
283,37.0,6.0,61.0,74.0
284,3.0,6.0,85.0,66.0
285,-11.0,11.0,61.0,40.0
286,-17.0,3.0,64.0,78.0
287,-191.0,-2.0,71.0,53.0
288,-198.0,-6.0,60.0,48.0
289,-52.0,3.0,62.0,60.0
290,-56.0,-7.0,69.0,43.0
291,32.0,6.0,82.0,103.0
292,-137.0,14.0,77.0,61.0
293,-94.0,10.0,66.0,91.0
294,-42.0,13.0,63.0,90.0
295,50.0,-33.0,69.0,85.0
296,242.0,-1.0,73.0,72.0
297,159.0,-3.0,74.0,90.0
298,-14.0,19.0,50.0,70.0
299,-279.0,9.0,60.0,79.0
300,84.0,-2.0,65.0,82.0
301,-226.0,-4.0,73.0,79.0
302,-40.0,0.0,79.0,73.0
303,82.0,2.0,91.0,71.0
304,19.0,0.0,74.0,69.0
305,-204.0,17.0,67.0,53.0
306,-27.0,-9.0,91.0,70.0
307,-96.0,17.0,53.0,68.0
308,-47.0,8.0,76.0,78.0
309,-118.0,19.0,76.0,75.0
310,-180.0,0.0,85.0,61.0
311,-131.0,20.0,74.0,67.0
312,133.0,-20.0,78.0,65.0
313,-110.0,9.0,56.0,66.0
314,-172.0,1.0,82.0,75.0
315,-175.0,4.0,60.0,48.0
316,144.0,9.0,52.0,55.0
317,-165.0,-16.0,67.0,72.0
318,110.0,0.0,64.0,85.0
319,-54.0,11.0,65.0,64.0
320,150.0,12.0,62.0,51.0
321,-38.0,14.0,77.0,54.0
322,55.0,-24.0,50.0,78.0
323,-51.0,10.0,68.0,81.0
324,-37.0,-1.0,73.0,70.0
325,32.0,-2.0,70.0,66.0
326,97.0,6.0,48.0,59.0
327,65.0,4.0,73.0,65.0
328,170.0,4.0,64.0,65.0
329,11.0,16.0,68.0,64.0
330,-110.0,9.0,58.0,75.0
331,-80.0,16.0,75.0,53.0
332,-138.0,8.0,79.0,51.0
333,3.0,-2.0,51.0,72.0
334,-47.0,-17.0,65.0,43.0
335,-42.0,-1.0,68.0,74.0
336,-175.0,-30.0,89.0,59.0
337,-98.0,18.0,69.0,70.0
338,-69.0,11.0,76.0,53.0
339,-113.0,30.0,76.0,76.0
340,223.0,19.0,74.0,68.0
341,-64.0,-2.0,91.0,56.0
342,-60.0,-15.0,64.0,52.0
343,-91.0,20.0,66.0,61.0
344,188.0,-3.0,84.0,67.0
345,48.0,-11.0,82.0,81.0
346,-14.0,17.0,83.0,72.0
347,-112.0,3.0,74.0,74.0
348,126.0,-6.0,66.0,67.0
349,-155.0,-5.0,63.0,85.0
350,-116.0,-6.0,57.0,73.0
351,-119.0,1.0,67.0,70.0
352,-130.0,3.0,74.0,71.0
353,-7.0,5.0,79.0,82.0
354,-176.0,16.0,71.0,65.0
355,47.0,3.0,70.0,64.0
356,-36.0,5.0,64.0,79.0
357,-139.0,2.0,79.0,48.0
358,85.0,6.0,46.0,74.0
359,-67.0,22.0,76.0,58.0
360,-76.0,-13.0,80.0,46.0
361,71.0,6.0,64.0,51.0
362,10.0,20.0,61.0,79.0
363,52.0,-6.0,58.0,87.0
364,27.0,16.0,53.0,79.0
365,-63.0,-11.0,94.0,82.0
366,77.0,-6.0,76.0,72.0
367,-44.0,-6.0,55.0,64.0
368,97.0,-3.0,70.0,98.0
369,44.0,22.0,70.0,60.0
370,69.0,-1.0,45.0,85.0
371,-161.0,11.0,82.0,64.0
372,-4.0,1.0,75.0,66.0
373,46.0,5.0,76.0,78.0
374,-80.0,3.0,72.0,48.0
375,42.0,1.0,81.0,75.0
376,77.0,-4.0,70.0,54.0
377,-210.0,21.0,80.0,82.0
378,-96.0,-5.0,70.0,82.0
379,-81.0,18.0,62.0,84.0
380,4.0,18.0,62.0,77.0
381,-137.0,-2.0,61.0,84.0
382,-17.0,-10.0,78.0,67.0
383,23.0,-19.0,69.0,69.0
384,147.0,4.0,70.0,61.0
385,-35.0,0.0,87.0,66.0
386,64.0,33.0,64.0,75.0
387,103.0,10.0,76.0,67.0
388,-214.0,2.0,52.0,62.0
389,50.0,-1.0,50.0,56.0
390,-57.0,23.0,63.0,59.0
391,6.0,9.0,61.0,71.0
392,84.0,-5.0,100.0,68.0
393,93.0,-11.0,54.0,67.0
394,-132.0,-12.0,80.0,92.0
395,78.0,-15.0,80.0,76.0
396,-74.0,-10.0,74.0,62.0
397,-46.0,-10.0,54.0,75.0
398,124.0,5.0,70.0,41.0
399,-12.0,-7.0,62.0,63.0
400,171.0,7.0,63.0,77.0
401,164.0,2.0,75.0,86.0
402,35.0,14.0,50.0,91.0
403,116.0,-30.0,62.0,65.0
404,173.0,-4.0,66.0,82.0
405,99.0,8.0,66.0,39.0
406,4.0,0.0,71.0,78.0
407,88.0,12.0,75.0,44.0
408,33.0,14.0,68.0,77.0
409,102.0,4.0,72.0,63.0
410,103.0,-7.0,65.0,73.0
411,-164.0,0.0,59.0,54.0
412,-110.0,26.0,72.0,89.0
413,-7.0,5.0,70.0,92.0
414,-190.0,-10.0,46.0,51.0
415,-7.0,15.0,55.0,78.0
416,7.0,7.0,88.0,68.0
417,-136.0,-2.0,89.0,74.0
418,122.0,-8.0,68.0,61.0
419,-64.0,-15.0,77.0,73.0
420,-125.0,-7.0,71.0,68.0
421,175.0,14.0,68.0,48.0
422,-110.0,-12.0,57.0,59.0
423,-188.0,11.0,85.0,72.0
424,-117.0,3.0,65.0,80.0
425,105.0,-3.0,75.0,79.0
426,53.0,-1.0,82.0,88.0
427,122.0,-7.0,67.0,70.0
428,-15.0,10.0,57.0,70.0
429,-15.0,17.0,68.0,67.0
430,206.0,-2.0,73.0,71.0
431,-30.0,-2.0,70.0,72.0
432,-60.0,13.0,50.0,77.0
433,-116.0,4.0,75.0,68.0
434,-178.0,7.0,58.0,69.0
435,-157.0,2.0,69.0,51.0
436,-122.0,38.0,58.0,50.0
437,123.0,-10.0,78.0,65.0
438,67.0,9.0,50.0,76.0
439,114.0,11.0,52.0,88.0
440,-46.0,7.0,84.0,77.0
441,-296.0,12.0,65.0,56.0
442,-54.0,2.0,68.0,73.0
443,45.0,10.0,69.0,77.0
444,-16.0,21.0,75.0,83.0
445,42.0,0.0,79.0,73.0
446,-35.0,13.0,68.0,75.0
447,28.0,10.0,67.0,80.0
448,12.0,9.0,68.0,75.0
449,71.0,-6.0,80.0,74.0
450,135.0,-11.0,74.0,68.0
451,138.0,6.0,72.0,97.0
452,41.0,-12.0,59.0,70.0
453,-159.0,5.0,65.0,70.0
454,-106.0,6.0,53.0,78.0
455,106.0,7.0,65.0,69.0
456,51.0,15.0,79.0,64.0
457,-103.0,-9.0,86.0,83.0
458,-127.0,34.0,65.0,76.0
459,63.0,-10.0,69.0,66.0
460,74.0,4.0,53.0,82.0
461,49.0,10.0,44.0,70.0
462,33.0,11.0,73.0,92.0
463,-57.0,-9.0,78.0,66.0
464,-52.0,1.0,73.0,105.0
465,23.0,23.0,67.0,83.0
466,273.0,11.0,68.0,60.0
467,74.0,17.0,80.0,67.0
468,61.0,34.0,73.0,80.0
469,110.0,3.0,61.0,97.0
470,-198.0,-16.0,99.0,65.0
471,-116.0,11.0,69.0,77.0
472,0.0,3.0,72.0,57.0
473,-14.0,-7.0,80.0,78.0
474,39.0,-5.0,45.0,68.0
475,74.0,-6.0,58.0,56.0
476,143.0,-4.0,69.0,81.0
477,-237.0,15.0,59.0,75.0
478,-30.0,10.0,65.0,65.0
479,11.0,11.0,62.0,95.0
480,45.0,-5.0,48.0,93.0
481,46.0,16.0,55.0,67.0
482,37.0,4.0,63.0,75.0
483,-36.0,29.0,81.0,67.0
484,-14.0,19.0,54.0,70.0
485,66.0,-2.0,60.0,74.0
486,-108.0,-3.0,73.0,66.0
487,-87.0,16.0,76.0,70.0
488,-26.0,-28.0,66.0,58.0
489,219.0,14.0,75.0,65.0
490,65.0,15.0,83.0,80.0
491,32.0,-5.0,60.0,74.0
492,-50.0,-5.0,54.0,74.0
493,-95.0,10.0,64.0,70.0
494,196.0,7.0,74.0,70.0
495,-18.0,20.0,65.0,75.0
496,104.0,-2.0,59.0,61.0
497,176.0,12.0,80.0,47.0
498,-42.0,1.0,55.0,61.0
499,-79.0,-2.0,57.0,65.0
500,-62.0,6.0,60.0,89.0
501,-90.0,-1.0,69.0,63.0
502,-47.0,-2.0,56.0,64.0
503,89.0,-2.0,89.0,73.0
504,-52.0,16.0,78.0,67.0
505,-114.0,9.0,64.0,68.0
506,5.0,-7.0,69.0,54.0
507,-10.0,11.0,56.0,53.0
508,-122.0,8.0,57.0,76.0
509,128.0,-7.0,51.0,56.0
510,-168.0,-4.0,81.0,65.0
511,-191.0,-17.0,65.0,77.0
512,-35.0,0.0,73.0,82.0
513,-12.0,7.0,92.0,47.0
514,-72.0,-5.0,54.0,62.0
515,-36.0,-4.0,61.0,70.0
516,-140.0,-3.0,62.0,67.0
517,-50.0,22.0,73.0,67.0
518,-121.0,2.0,57.0,77.0
519,100.0,-8.0,62.0,71.0
520,208.0,-5.0,66.0,60.0
521,66.0,-9.0,68.0,59.0
522,46.0,-1.0,78.0,65.0
523,-70.0,13.0,73.0,75.0
524,-125.0,12.0,70.0,54.0
525,94.0,2.0,66.0,63.0
526,161.0,7.0,71.0,62.0
527,-116.0,4.0,56.0,62.0
528,22.0,1.0,73.0,88.0
529,222.0,4.0,68.0,76.0
530,89.0,-5.0,58.0,80.0
531,164.0,8.0,76.0,77.0
532,270.0,-9.0,65.0,70.0
533,-90.0,11.0,79.0,71.0
534,-74.0,-9.0,51.0,76.0
535,-221.0,-19.0,69.0,65.0
536,129.0,20.0,58.0,59.0
537,3.0,-2.0,56.0,65.0
538,162.0,4.0,67.0,64.0
539,-198.0,14.0,71.0,62.0
540,-60.0,5.0,93.0,72.0
541,55.0,7.0,71.0,72.0
542,-73.0,5.0,84.0,82.0
543,53.0,12.0,59.0,64.0
544,-90.0,12.0,68.0,69.0
545,-69.0,13.0,75.0,73.0
546,-76.0,0.0,55.0,75.0
547,42.0,20.0,73.0,84.0
548,124.0,-5.0,83.0,72.0
549,-110.0,8.0,67.0,53.0
550,-23.0,15.0,72.0,76.0
551,55.0,0.0,83.0,69.0
552,-45.0,-5.0,64.0,59.0
553,22.0,-2.0,75.0,79.0
554,18.0,9.0,59.0,73.0
555,38.0,5.0,77.0,62.0
556,143.0,9.0,66.0,70.0
557,-108.0,10.0,51.0,69.0
558,-142.0,4.0,60.0,88.0
559,-79.0,0.0,68.0,61.0
560,-61.0,1.0,76.0,80.0
561,0.0,9.0,70.0,69.0
562,41.0,7.0,54.0,49.0
563,-48.0,4.0,73.0,78.0
564,33.0,-19.0,54.0,82.0
565,-3.0,8.0,51.0,67.0
566,136.0,-1.0,73.0,60.0
567,32.0,-3.0,89.0,74.0
568,-7.0,-20.0,65.0,72.0
569,81.0,-8.0,59.0,67.0
570,-66.0,25.0,83.0,75.0
571,28.0,7.0,60.0,61.0
572,77.0,4.0,69.0,88.0
573,-18.0,-9.0,68.0,80.0
574,-9.0,25.0,57.0,63.0
575,108.0,14.0,57.0,54.0
576,-129.0,11.0,68.0,70.0
577,-159.0,-1.0,68.0,55.0
578,-40.0,24.0,75.0,82.0
579,132.0,8.0,66.0,71.0
580,-120.0,-6.0,81.0,75.0
581,97.0,0.0,81.0,74.0
582,-220.0,7.0,63.0,75.0
583,-23.0,11.0,80.0,91.0
584,-93.0,-8.0,66.0,65.0
585,31.0,-1.0,77.0,69.0
586,30.0,27.0,68.0,73.0
587,36.0,-14.0,69.0,62.0
588,55.0,2.0,73.0,69.0
589,56.0,42.0,51.0,79.0
590,91.0,14.0,65.0,69.0
591,0.0,1.0,74.0,65.0
592,183.0,-3.0,67.0,94.0
593,11.0,-9.0,62.0,79.0
594,12.0,2.0,67.0,91.0
595,126.0,7.0,63.0,71.0
596,153.0,-16.0,58.0,70.0
597,-197.0,6.0,69.0,60.0
598,75.0,12.0,76.0,71.0
599,-205.0,-4.0,84.0,61.0
600,-159.0,2.0,57.0,59.0
601,-31.0,-22.0,55.0,81.0
602,16.0,3.0,69.0,73.0
603,-25.0,8.0,70.0,66.0
604,137.0,7.0,70.0,74.0
605,-62.0,24.0,74.0,55.0
606,-80.0,13.0,79.0,88.0
607,-16.0,8.0,73.0,72.0
608,77.0,8.0,85.0,79.0
609,144.0,9.0,63.0,86.0
610,-11.0,6.0,73.0,63.0
611,-76.0,13.0,76.0,87.0
612,-118.0,3.0,44.0,74.0
613,-90.0,7.0,73.0,54.0
614,-52.0,15.0,66.0,76.0
615,-43.0,0.0,65.0,71.0
616,217.0,6.0,70.0,76.0
617,-68.0,-2.0,66.0,76.0
618,32.0,-8.0,74.0,54.0
619,-28.0,24.0,65.0,81.0
620,153.0,8.0,34.0,68.0
621,-33.0,7.0,76.0,95.0
622,-326.0,-4.0,74.0,63.0
623,-70.0,6.0,82.0,84.0
624,-66.0,-10.0,80.0,89.0
625,0.0,-11.0,41.0,76.0
626,-186.0,-22.0,74.0,61.0
627,-30.0,-2.0,78.0,82.0
628,107.0,-3.0,71.0,92.0
629,123.0,-14.0,68.0,73.0
630,67.0,10.0,62.0,62.0
631,105.0,5.0,63.0,57.0
632,-39.0,8.0,61.0,87.0
633,83.0,19.0,78.0,82.0
634,-2.0,4.0,77.0,57.0
635,-81.0,-11.0,60.0,79.0
636,-39.0,-17.0,62.0,73.0
637,88.0,0.0,57.0,68.0
638,-53.0,13.0,60.0,70.0
639,-120.0,26.0,67.0,84.0
640,-105.0,0.0,58.0,62.0
641,223.0,15.0,33.0,68.0
642,170.0,-8.0,74.0,72.0
643,46.0,5.0,80.0,59.0
644,-102.0,6.0,61.0,72.0
645,-124.0,-2.0,79.0,72.0
646,-100.0,-16.0,60.0,84.0
647,73.0,12.0,61.0,77.0
648,37.0,-10.0,73.0,75.0
649,19.0,-16.0,72.0,98.0
650,-120.0,15.0,60.0,48.0
651,-199.0,0.0,47.0,68.0
652,-7.0,20.0,56.0,61.0
653,55.0,0.0,45.0,81.0
654,104.0,8.0,58.0,89.0
655,-233.0,9.0,65.0,67.0
656,101.0,0.0,70.0,58.0
657,1.0,7.0,71.0,50.0
658,-79.0,5.0,73.0,80.0
659,82.0,-5.0,58.0,63.0
660,64.0,-5.0,52.0,80.0
661,-149.0,-10.0,59.0,79.0
662,-47.0,-2.0,51.0,81.0
663,17.0,16.0,80.0,60.0
664,-97.0,9.0,67.0,94.0
665,56.0,-15.0,49.0,77.0
666,13.0,15.0,65.0,80.0
667,4.0,1.0,69.0,72.0
668,175.0,10.0,88.0,41.0
669,-185.0,-5.0,75.0,69.0
670,-263.0,15.0,68.0,54.0
671,-89.0,0.0,61.0,41.0
672,-88.0,20.0,93.0,78.0
673,97.0,2.0,79.0,73.0
674,53.0,-7.0,77.0,54.0
675,96.0,24.0,44.0,80.0
676,-141.0,-6.0,66.0,82.0
677,-93.0,0.0,69.0,57.0
678,-98.0,-12.0,73.0,69.0
679,-193.0,15.0,87.0,84.0
680,84.0,25.0,71.0,75.0
681,-30.0,-8.0,73.0,79.0
682,-18.0,3.0,68.0,86.0
683,-4.0,13.0,62.0,83.0
684,-18.0,7.0,72.0,80.0
685,86.0,15.0,74.0,69.0
686,22.0,5.0,80.0,60.0
687,-45.0,-3.0,70.0,70.0
688,51.0,8.0,59.0,74.0
689,122.0,5.0,76.0,63.0
690,-165.0,18.0,64.0,81.0
691,-70.0,6.0,49.0,72.0
692,14.0,-14.0,68.0,57.0
693,-91.0,-15.0,69.0,73.0
694,-17.0,-3.0,59.0,52.0
695,86.0,19.0,63.0,65.0
696,117.0,0.0,70.0,80.0
697,-37.0,2.0,69.0,98.0
698,-183.0,4.0,86.0,70.0
699,93.0,-5.0,78.0,59.0
700,30.0,-9.0,54.0,69.0
701,-127.0,3.0,65.0,80.0
702,126.0,-7.0,72.0,61.0
703,-23.0,21.0,71.0,65.0
704,-131.0,4.0,55.0,62.0
705,-116.0,6.0,52.0,67.0
706,5.0,1.0,59.0,73.0
707,59.0,10.0,68.0,77.0
708,60.0,0.0,64.0,62.0
709,58.0,-2.0,71.0,36.0
710,-54.0,16.0,63.0,77.0
711,4.0,2.0,63.0,63.0
712,-72.0,19.0,61.0,62.0
713,74.0,0.0,61.0,96.0
714,113.0,-3.0,75.0,73.0
715,146.0,13.0,78.0,65.0
716,61.0,-5.0,66.0,68.0
717,87.0,13.0,56.0,72.0
718,234.0,0.0,51.0,69.0
719,-45.0,-8.0,80.0,67.0
720,-83.0,6.0,66.0,57.0
721,-26.0,12.0,80.0,77.0
722,273.0,-19.0,72.0,71.0
723,65.0,-5.0,68.0,92.0
724,119.0,-2.0,82.0,59.0
725,117.0,-6.0,62.0,58.0
726,-26.0,4.0,58.0,83.0
727,100.0,21.0,73.0,63.0
728,130.0,-5.0,71.0,82.0
729,-46.0,7.0,74.0,81.0
730,-163.0,-1.0,52.0,49.0
731,-27.0,7.0,65.0,78.0
732,15.0,-2.0,85.0,57.0
733,-105.0,-11.0,53.0,88.0
734,-91.0,-7.0,57.0,59.0
735,-79.0,-4.0,71.0,71.0
736,-10.0,-6.0,93.0,87.0
737,-39.0,0.0,64.0,84.0
738,101.0,10.0,68.0,73.0
739,38.0,-12.0,60.0,71.0
740,77.0,1.0,62.0,64.0
741,-46.0,-1.0,73.0,70.0
742,19.0,0.0,57.0,87.0
743,33.0,3.0,78.0,49.0
744,-29.0,0.0,69.0,62.0
745,18.0,2.0,59.0,81.0
746,64.0,2.0,49.0,58.0
747,-39.0,-1.0,85.0,77.0
748,0.0,-2.0,83.0,79.0
749,-56.0,17.0,89.0,68.0
750,-208.0,14.0,63.0,63.0
751,-18.0,14.0,66.0,82.0
752,-14.0,3.0,62.0,78.0
753,88.0,9.0,79.0,64.0
754,-30.0,1.0,59.0,45.0
755,-255.0,7.0,73.0,87.0
756,-9.0,18.0,61.0,63.0
757,-210.0,28.0,69.0,71.0
758,-71.0,27.0,74.0,77.0
759,180.0,-6.0,63.0,64.0
760,10.0,5.0,82.0,68.0
761,-10.0,-5.0,47.0,82.0
762,49.0,5.0,68.0,57.0
763,267.0,15.0,71.0,67.0
764,-24.0,12.0,53.0,76.0
765,-21.0,17.0,65.0,66.0
766,-36.0,0.0,73.0,76.0
767,-98.0,-3.0,68.0,75.0
768,162.0,-14.0,80.0,84.0
769,97.0,10.0,80.0,89.0
770,-55.0,14.0,53.0,72.0
771,35.0,-18.0,70.0,62.0
772,66.0,20.0,62.0,69.0
773,-61.0,6.0,80.0,71.0
774,-78.0,-26.0,46.0,78.0
775,-46.0,0.0,68.0,83.0
776,110.0,3.0,70.0,77.0
777,-148.0,-5.0,65.0,70.0
778,-33.0,3.0,86.0,78.0
779,125.0,-10.0,46.0,72.0
780,17.0,21.0,67.0,69.0
781,18.0,4.0,49.0,79.0
782,-70.0,0.0,69.0,65.0
783,41.0,-16.0,74.0,66.0
784,135.0,-9.0,84.0,77.0
785,28.0,-4.0,64.0,72.0
786,221.0,29.0,80.0,63.0
787,-72.0,5.0,83.0,72.0
788,120.0,17.0,81.0,65.0
789,-57.0,-1.0,59.0,82.0
790,79.0,33.0,67.0,63.0
791,-100.0,-10.0,82.0,78.0
792,-208.0,16.0,67.0,85.0
793,-25.0,-1.0,61.0,66.0
794,321.0,5.0,78.0,54.0
795,2.0,2.0,91.0,67.0
796,-3.0,12.0,65.0,93.0
797,-99.0,-9.0,55.0,65.0
798,217.0,10.0,63.0,69.0
799,120.0,9.0,73.0,74.0
800,-93.0,17.0,61.0,75.0
801,-12.0,15.0,79.0,57.0
802,-16.0,5.0,83.0,94.0
803,-1.0,16.0,66.0,77.0
804,115.0,21.0,79.0,94.0
805,11.0,-6.0,42.0,60.0
806,191.0,0.0,57.0,69.0
807,3.0,6.0,76.0,78.0
808,209.0,-5.0,46.0,73.0
809,-12.0,-4.0,53.0,80.0
810,-18.0,-8.0,70.0,62.0
811,138.0,8.0,79.0,85.0
812,52.0,10.0,86.0,67.0
813,179.0,-2.0,84.0,75.0
814,130.0,-8.0,79.0,85.0
815,-107.0,1.0,62.0,79.0
816,257.0,6.0,82.0,73.0
817,-148.0,14.0,85.0,58.0
818,64.0,0.0,68.0,62.0
819,-29.0,-2.0,52.0,94.0
820,177.0,18.0,78.0,63.0
821,315.0,1.0,72.0,81.0
822,37.0,12.0,48.0,73.0
823,76.0,27.0,72.0,69.0
824,-106.0,-7.0,52.0,74.0
825,-29.0,13.0,77.0,70.0
826,237.0,5.0,63.0,54.0
827,-12.0,3.0,77.0,76.0
828,80.0,20.0,78.0,77.0
829,-107.0,6.0,63.0,53.0
830,-77.0,9.0,58.0,79.0
831,-34.0,24.0,74.0,75.0
832,162.0,-2.0,73.0,73.0
833,-185.0,8.0,62.0,86.0
834,106.0,-4.0,75.0,68.0
835,-60.0,2.0,75.0,69.0
836,83.0,20.0,64.0,76.0
837,-172.0,7.0,83.0,61.0
838,-89.0,-3.0,68.0,82.0
839,14.0,18.0,69.0,61.0
840,-102.0,-5.0,60.0,59.0
841,69.0,17.0,62.0,65.0
842,153.0,-4.0,73.0,77.0
843,160.0,-15.0,49.0,72.0
844,-39.0,10.0,84.0,75.0
845,31.0,0.0,72.0,56.0
846,-15.0,2.0,60.0,63.0
847,-231.0,-9.0,76.0,90.0
848,20.0,1.0,64.0,70.0
849,-36.0,23.0,76.0,80.0
850,-134.0,16.0,49.0,91.0
851,60.0,-7.0,73.0,67.0
852,158.0,11.0,65.0,63.0
853,-85.0,2.0,66.0,61.0
854,-66.0,22.0,39.0,60.0
855,62.0,-16.0,69.0,62.0
856,-110.0,7.0,71.0,59.0
857,62.0,-1.0,68.0,59.0
858,-53.0,3.0,85.0,78.0
859,-135.0,2.0,71.0,73.0
860,68.0,17.0,57.0,63.0
861,227.0,11.0,52.0,58.0
862,22.0,-1.0,67.0,69.0
863,-123.0,1.0,77.0,63.0
864,-92.0,9.0,76.0,72.0
865,-8.0,12.0,58.0,80.0
866,196.0,-10.0,62.0,56.0
867,47.0,-1.0,59.0,85.0
868,20.0,9.0,58.0,66.0
869,109.0,11.0,57.0,70.0
870,-186.0,-6.0,69.0,78.0
871,-133.0,34.0,53.0,69.0
872,-153.0,-5.0,85.0,70.0
873,-195.0,5.0,59.0,79.0
874,2.0,-4.0,81.0,65.0
875,76.0,5.0,63.0,71.0
876,87.0,4.0,54.0,69.0
877,-36.0,-9.0,55.0,63.0
878,174.0,8.0,70.0,54.0
879,-64.0,10.0,69.0,64.0
880,132.0,3.0,65.0,87.0
881,14.0,-13.0,77.0,80.0
882,121.0,2.0,65.0,58.0
883,-37.0,-10.0,65.0,80.0
884,37.0,5.0,80.0,78.0
885,-45.0,13.0,69.0,79.0
886,23.0,-7.0,61.0,76.0
887,-46.0,3.0,79.0,80.0
888,43.0,-3.0,76.0,56.0
889,-48.0,12.0,81.0,78.0
890,-94.0,6.0,74.0,71.0
891,-134.0,-24.0,81.0,53.0
892,-83.0,0.0,61.0,55.0
893,-47.0,-15.0,54.0,71.0
894,-32.0,17.0,74.0,55.0
895,-93.0,-8.0,68.0,79.0
896,82.0,-1.0,62.0,62.0
897,164.0,-23.0,72.0,73.0
898,-187.0,3.0,79.0,60.0
899,110.0,22.0,58.0,72.0
900,-32.0,13.0,81.0,80.0
901,285.0,12.0,54.0,83.0
902,-187.0,-6.0,73.0,63.0
903,21.0,-9.0,74.0,60.0
904,56.0,7.0,54.0,87.0
905,195.0,-4.0,75.0,59.0
906,-57.0,7.0,77.0,58.0
907,272.0,-11.0,57.0,64.0
908,-112.0,-1.0,59.0,71.0
909,164.0,5.0,76.0,62.0
910,197.0,-5.0,67.0,75.0
911,-53.0,9.0,71.0,71.0
912,-70.0,-3.0,71.0,55.0
913,84.0,-3.0,63.0,72.0
914,-108.0,2.0,64.0,74.0
915,-35.0,-2.0,37.0,37.0
916,63.0,6.0,73.0,89.0
917,7.0,-6.0,64.0,69.0
918,149.0,-7.0,93.0,69.0
919,-104.0,1.0,73.0,89.0
920,132.0,-1.0,74.0,71.0
921,81.0,10.0,50.0,101.0
922,173.0,13.0,84.0,62.0
923,-86.0,24.0,73.0,71.0
924,67.0,0.0,68.0,68.0
925,-166.0,9.0,73.0,71.0
926,-94.0,19.0,71.0,55.0
927,-193.0,11.0,67.0,71.0
928,-16.0,-7.0,72.0,67.0
929,-72.0,12.0,63.0,76.0
930,83.0,-7.0,100.0,81.0
931,129.0,-5.0,66.0,61.0
932,90.0,2.0,84.0,77.0
933,-25.0,-13.0,60.0,46.0
934,179.0,13.0,71.0,79.0
935,-114.0,12.0,84.0,73.0
936,115.0,-1.0,60.0,48.0
937,-88.0,26.0,63.0,58.0
938,-75.0,12.0,60.0,74.0
939,131.0,-12.0,81.0,57.0
940,-63.0,4.0,55.0,66.0
941,-48.0,12.0,63.0,77.0
942,-35.0,6.0,60.0,57.0
943,94.0,15.0,68.0,66.0
944,52.0,10.0,67.0,72.0
945,-42.0,21.0,78.0,48.0
946,136.0,-12.0,78.0,70.0
947,39.0,-5.0,77.0,65.0
948,-1.0,-10.0,81.0,78.0
949,88.0,-19.0,81.0,64.0
950,-236.0,9.0,63.0,69.0
951,123.0,21.0,78.0,66.0
952,90.0,-11.0,60.0,64.0
953,-164.0,-16.0,64.0,81.0
954,34.0,11.0,84.0,85.0
955,9.0,-1.0,68.0,78.0
956,60.0,-16.0,87.0,71.0
957,-86.0,-3.0,50.0,52.0
958,168.0,11.0,75.0,80.0
959,-90.0,-5.0,64.0,72.0
960,-142.0,-9.0,75.0,60.0
961,106.0,23.0,60.0,60.0
962,-147.0,-9.0,60.0,65.0
963,89.0,-6.0,70.0,85.0
964,-88.0,-8.0,64.0,55.0
965,-34.0,6.0,67.0,81.0
966,-163.0,1.0,82.0,67.0
967,-13.0,-1.0,65.0,74.0
968,54.0,6.0,64.0,68.0
969,41.0,15.0,57.0,60.0
970,69.0,5.0,84.0,75.0
971,-41.0,5.0,57.0,64.0
972,-88.0,16.0,66.0,60.0
973,159.0,6.0,62.0,62.0
974,122.0,-1.0,57.0,57.0
975,-162.0,-7.0,79.0,86.0
976,265.0,5.0,53.0,80.0
977,175.0,0.0,73.0,59.0
978,65.0,8.0,84.0,62.0
979,19.0,0.0,62.0,87.0
980,-226.0,5.0,72.0,64.0
981,-111.0,-4.0,64.0,50.0
982,200.0,20.0,54.0,71.0
983,-6.0,15.0,72.0,86.0
984,-19.0,10.0,64.0,76.0
985,-28.0,-10.0,72.0,69.0
986,25.0,-16.0,55.0,80.0
987,166.0,3.0,65.0,84.0
988,178.0,13.0,69.0,70.0
989,-79.0,5.0,75.0,46.0
990,189.0,-6.0,81.0,71.0
991,98.0,3.0,70.0,79.0
992,-13.0,-12.0,50.0,50.0
993,107.0,-5.0,64.0,68.0
994,70.0,12.0,77.0,58.0
995,88.0,1.0,75.0,60.0
996,-70.0,3.0,64.0,75.0
997,-62.0,-10.0,74.0,60.0
998,23.0,-1.0,64.0,66.0
999,125.0,1.0,61.0,73.0
